0.01 2.4868927436513322e-05
0.02 0.00012125037746537788
0.03 0.0003050352603595612
0.04 0.0005852833558395339
0.05 0.0009680910629643855
0.06 0.0014577734407681439
0.07 0.0020574274310873933
0.08 0.0027692537987392004
0.09 0.003594762052759224
0.1 0.004534910638922391
0.11 0.005590207959218235
0.12 0.006760788066098809
0.13 0.00804646913017274
0.14 0.009446799705774049
0.15 0.01096109606223854
0.16 0.012588472790109972
0.17 0.014327868224951947
0.18 0.016178065796051987
0.19 0.018137712113872287
0.2 0.020205332406939107
0.21 0.022379343774856307
0.22 0.024658066619922932
0.23 0.027039734543037177
0.24 0.029522502932038647
0.25 0.032104456426907436
0.26 0.034783615412550345
0.27 0.03755794166364217
0.28 0.040425343245290915
0.29 0.043383678756818984
0.3 0.04643076099271636
0.31 0.04956436008409914
0.32 0.05278220617525428
0.33 0.0560819916826554
0.34 0.05946137317787972
0.35 0.06291797293089996
0.36 0.06644938014607536
0.37 0.07005315191967604
0.38 0.07372681394482539
0.39 0.07746786098724154
0.4 0.08127375715302751
0.41 0.08514193596793711
0.42 0.0890698002859834
0.43 0.09305472204391352
0.44 0.09709404187692107
0.45 0.10118506860997092
0.46 0.10532507863825297
0.47 0.10951131520954023
0.48 0.11374098762058753
0.49 0.11801127033915385
0.5 0.12231930206275883
0.51 0.12666218472487392
0.52 0.13103698245889994
0.53 0.13544072052998576
0.54 0.13987038424448958
0.55 0.14432291784667228
0.56 0.14879522341203502
0.57 0.15328415974656798
0.58 0.15778654130105868
0.59 0.16229913710951302
0.6 0.16681866976067183
0.61 0.17134181441154983
0.62 0.17586519785188573
0.63 0.18038539762837003
0.64 0.1848989412375028
0.65 0.18940230539593209
0.66 0.1938919153971293
0.67 0.19836414456326898
0.68 0.2028153138011952
0.69 0.20724169127137754
0.7 0.2116394921787763
0.71 0.21600487869455604
0.72 0.2203339600176034
0.73 0.2246227925848158
0.74 0.22886738043913485
0.75 0.2330636757642965
0.76 0.2372075795952607
0.77 0.2412949427132616
0.78 0.24532156673438654
0.79 0.24928320540054436
0.8 0.25317556608162023
0.81 0.25699431149753255
0.82 0.2607350616688074
0.83 0.26439339610416224
0.84 0.2679648562334481
0.85 0.2714449480941244
0.86 0.2748291452792469
0.87 0.2781128921547203
0.88 0.28129160735330827
0.89 0.2843606875526073
0.9 0.28731551154385876
0.91 0.2901514445981172
0.92 0.29286384313588787
0.93 0.29544805970590693
0.94 0.29789944827825066
0.95 0.3002133698564354
0.96 0.302385198412589
0.97 0.3044103271491571
0.98 0.3062841750899302
0.99 0.3080021940024543
1.0 0.3095598756531122
1.01 0.3109527593953273
1.02 0.31217644009045675
1.03 0.3132265763599954
1.04 0.31409889916670797
1.05 0.3147892207212479
1.06 0.3152934437096974
1.07 0.31560757083628393
1.08 0.31572771467428384
1.09 0.31565010781682507
1.1 0.31537111331793427
1.11 0.3148872354127525
1.12 0.31419513050436243
1.13 0.3132916184031276
1.14 0.31217369380284926
1.15 0.3108385379763937
1.16 0.30928353067173736
1.17 0.3075062621876235
1.18 0.30550454560621887
1.19 0.30327642915831626
1.2 0.300820208694737
1.21 0.29813444023566943
1.22 0.2952179525677231
1.23 0.29206985985649925
1.24 0.288689574240481
1.25 0.285076818370033
1.26 0.28123163785328226
1.27 0.2771544135686346
1.28 0.27284587380167563
1.29 0.26830710616221387
1.3 0.2635395692352642
1.31 0.25854510391784696
1.32 0.25332594439160255
1.33 0.24788472867940875
1.34 0.24222450873244308
1.35 0.23634875999247731
1.36 0.23026139037262672
1.37 0.22396674859833074
1.38 0.2174696318490139
1.39 0.21077529263969366
1.4 0.20388944488077146
1.41 0.19681826905338567
1.42 0.18956841643703107
1.43 0.18214701232568642
1.44 0.17456165816843683
1.45 0.16682043257057236
1.46 0.1589318910913827
1.47 0.1509050647753839
1.48 0.14274945735451436
1.49 0.13447504105994443
1.5 0.12609225098357418
1.51 0.11761197793106135
1.52 0.10904555971034485
1.53 0.10040477080212136
1.54 0.0917018103616131
1.55 0.08294928850423812
1.56 0.07416021083148859
1.57 0.06534796115743217
1.58 0.056526282400802166
1.59 0.04770925561263269
1.6 0.038911277114840145
1.61 0.030147033731050276
1.62 0.021431476097335242
1.63 0.012779790047346156
1.64 0.004207366073611683
1.65 -0.004270233125474918
1.66 -0.012637306995273765
1.67 -0.02087805334476109
1.68 -0.0289766064012139
1.69 -0.036917076654798806
1.7 -0.04468359243826604
1.71 -0.052260343176684085
1.72 -0.05963162423154286
1.73 -0.06678188325262198
1.74 -0.07369576793980533
1.75 -0.08035817510556414
1.76 -0.08675430091716105
1.77 -0.0928696921858077
1.78 -0.09869029855807711
1.79 -0.1042025254528918
1.8 -0.10939328757544066
1.81 -0.11425006282747906
1.82 -0.11876094642171639
1.83 -0.12291470499645875
1.84 -0.12670083051543166
1.85 -0.13010959372684366
1.86 -0.1331320969453439
1.87 -0.13576032591067064
1.88 -0.1379872004675746
1.89 -0.13980662380311812
1.9 -0.14121352996980957
1.91 -0.14220392941631696
1.92 -0.1427749522418256
1.93 -0.14292488888556198
1.94 -0.14265322795969876
1.95 -0.14196069093188937
1.96 -0.1408492633631551
1.97 -0.13932222240786102
1.98 -0.13738416028516715
1.99 -0.13504100343572067
2.0 -0.1323000270835529
2.01 -0.12916986493124313
2.02 -0.1256605137264906
2.03 -0.12178333245036059
2.04 -0.11755103589170597
2.05 -0.11297768238866633
2.06 -0.10807865553673807
2.07 -0.10287063968375104
2.08 -0.09737158905515396
2.09 -0.0916006903783534
2.1 -0.08557831890240515
2.11 -0.07932598773914963
2.12 -0.07286629048380437
2.13 -0.06622283710708593
2.14 -0.05942018314696879
2.15 -0.052483752266175514
2.16 -0.04543975228122901
2.17 -0.03831508481031982
2.18 -0.031137248730095483
2.19 -0.023934237675665916
2.2 -0.016734431863338953
2.21 -0.009566484561701576
2.22 -0.002459203583312185
2.23 0.0045585717837376884
2.24 0.011458097938171962
2.25 0.018210857708881735
2.26 0.02478869412038292
2.27 0.03116394657646768
2.28 0.03730958881454442
2.29 0.04319936794134356
2.3 0.04880794382102105
2.31 0.054111028049688634
2.32 0.05908552171638709
2.33 0.06370965112000777
2.34 0.06796310058501734
2.35 0.071827141496553
2.36 0.07528475665789287
2.37 0.07832075906094971
2.38 0.08092190415363758
2.39 0.08307699468716037
2.4 0.08477697723179146
2.41 0.08601502946193954
2.42 0.08678663733050014
2.43 0.08708966127898347
2.44 0.08692439066389579
2.45 0.0862935856215382
2.46 0.08520250564290206
2.47 0.0836589241877675
2.48 0.08167312873247239
2.49 0.0792579057190635
2.5 0.07642850995456398
2.51 0.07320261809768921
2.52 0.0696002659662682
2.53 0.06564376950151972
2.54 0.06135762933476666
2.55 0.05676841901764849
2.56 0.05190465709778276
2.57 0.046796663347483024
2.58 0.04147639958275288
2.59 0.03597729564252609
2.6 0.030334061233028026
2.61 0.024582484478226772
2.62 0.01875921815346649
2.63 0.012901554714436615
2.64 0.0070471913663230955
2.65 0.001233986547105971
2.66 -0.004500290676904231
2.67 -0.01011821668734483
2.68 -0.01558297313585465
2.69 -0.02085860868486052
2.7 -0.02591030074963169
2.71 -0.030704615245627544
2.72 -0.03520976228001356
2.73 -0.03939584567569053
2.74 -0.04323510418161239
2.75 -0.046702142205696066
2.76 -0.0497741479074055
2.77 -0.0524310965070678
2.78 -0.05465593670904438
2.79 -0.05643475819673088
2.8 -0.057756938239538404
2.81 -0.058615265555899874
2.82 -0.05900603970208931
2.83 -0.05892914440421453
2.84 -0.05838809341985459
2.85 -0.05739004770595838
2.86 -0.05594580288003377
2.87 -0.054069746191315986
2.88 -0.05177978246623193
2.89 -0.049097228756513026
2.9 -0.04604667769695173
2.91 -0.042655829870948105
2.92 -0.038955295783333066
2.93 -0.034978368348881426
2.94 -0.030760767118639336
2.95 -0.026340355781629726
2.96 -0.021756834793457063
2.97 -0.017051411292375813
2.98 -0.012266448764006123
2.99 -0.007445099204370643
3.0 -0.0026309208036135803
3.01 0.002132515574179333
3.02 0.006802027609911585
3.03 0.011335226739358124
3.04 0.015690923474206808
3.05 0.019829528816570505
3.06 0.02371344764876748
3.07 0.027307459919970224
3.08 0.030579085434179937
3.09 0.033498928072160296
3.1 0.036040995355410575
3.11 0.03818298938437689
3.12 0.039906565356856445
3.13 0.04119755409629225
3.14 0.042046145293194115
3.15 0.04244702848539618
3.16 0.04239948917279182
3.17 0.04190745787739362
3.18 0.0409795104172006
3.19 0.03962881815886461
3.2 0.037873047545298945
3.21 0.03573420875526109
3.22 0.033238453937006016
3.23 0.03041582606119333
3.24 0.027299960052592418
3.25 0.023927738478549874
3.26 0.02033890468695353
3.27 0.016575636889549408
3.28 0.012682087269596536
3.29 0.00870389074752744
3.3 0.004687648555977303
3.31 0.000680392247748068
3.32 -0.003270965821290359
3.33 -0.0071201891357320565
3.34 -0.0108222741046703
3.35 -0.014334000689374335
3.36 -0.01761446954941445
3.37 -0.02062561864180653
3.38 -0.023332712260041633
3.39 -0.025704795648114585
3.4 -0.027715108571029073
3.41 -0.029341451568641045
3.42 -0.030566499063584066
3.43 -0.03137805403444925
3.44 -0.03176923959886646
3.45 -0.03173862357264405
3.46 -0.0312902728740604
3.47 -0.030433735518646515
3.48 -0.029183948889704027
3.49 -0.027561073962295443
3.5 -0.025590256191096606
3.51 -0.023301314831663537
3.52 -0.020728363535615427
3.53 -0.017909366127334535
3.54 -0.014885632516708042
3.55 -0.011701260712380363
3.56 -0.008402531855890408
3.57 -0.005037266081964559
3.58 -0.001654147807391079
3.59 0.001697970255728521
3.6 0.004970774492182648
3.61 0.00811719886970231
3.62 0.011092123911252885
3.63 0.013853055406005472
3.64 0.016360772136170203
3.65 0.018579932092517862
3.66 0.020479627021693123
3.67 0.022033875694235806
3.68 0.023222047001598304
3.69 0.024029204878321598
3.7 0.02444636809376735
3.71 0.024470679155091143
3.72 0.0241054778951018
3.73 0.023360276767878288
3.74 0.022250636421269634
3.75 0.02079794173580681
3.76 0.019029080188883496
3.77 0.0169760260940785
3.78 0.014675335949343131
3.79 0.012167561774442429
3.8 0.00949659089684308
3.81 0.006708922125352924
3.82 0.003852889601890597
3.83 0.0009778468144338284
3.84 -0.0018666757391831048
3.85 -0.0046318249518513144
3.86 -0.007270276726317387
3.87 -0.009737069659183327
3.88 -0.011990405596578121
3.89 -0.01399240210781273
3.9 -0.015709782447621737
3.91 -0.01711448938719803
3.92 -0.01818421038410746
3.93 -0.01890280292063562
3.94 -0.019260610452669028
3.95 -0.01925466125468212
3.96 -0.01888874449304994
3.97 -0.018173360076781567
3.98 -0.01712554118408708
3.99 -0.0157685508029073
4.0 -0.014131456108006235
4.01 -0.012248586977983866
4.02 -0.010158887382214004
4.03 -0.00790517068888018
4.04 -0.005533292109685708
4.05 -0.0030912534543393816
4.06 -0.0006282570707722904
4.07 0.0018062727491498242
4.08 0.004163681553656393
4.09 0.006397069668052897
4.1 0.008462249956250605
4.11 0.010318658207176342
4.12 0.011930196506978847
4.13 0.01326599095291848
4.14 0.014301046487218808
4.15 0.01501678346226098
4.16 0.015401442765769513
4.17 0.015450348899874676
4.18 0.015166023275656677
4.19 0.01455814310086739
4.2 0.01364334454107399
4.21 0.012444872254887227
4.22 0.010992080868252273
4.23 0.009319797383131188
4.24 0.00746755683223369
4.25 0.005478726613280203
4.26 0.003399537784655891
4.27 0.0012780441037276741
4.28 -0.0008369683304806464
4.29 -0.0028970963697873497
4.3 -0.0048554345203421605
4.31 -0.006667663046693586
4.32 -0.008293083587258913
4.33 -0.009695577136884213
4.34 -0.010844460622107897
4.35 -0.011715220275683459
4.36 -0.012290102579127387
4.37 -0.012558546640072204
4.38 -0.012517445444434335
4.39 -0.01217122739696274
4.4 -0.011531753849824092
4.41 -0.010618032818487085
4.42 -0.009455753689194792
4.43 -0.008076652318023488
4.44 -0.006517720389276417
4.45 -0.004820277121214031
4.46 -0.003028925262550552
4.47 -0.0011904167019152069
4.48 0.0006475441885823194
4.49 0.0024375292267114013
4.5 0.004133615481206014
4.51 0.0056925825177005
4.52 0.00707504589864386
4.53 0.008246496141361354
4.54 0.009178214330786319
4.55 0.00984803840344982
4.56 0.010240957713467478
4.57 0.010349517782446475
4.58 0.010174022024157377
4.59 0.009722522601938175
4.6 0.009010598284925475
4.61 0.008060923066755828
4.62 0.006902635235189014
4.63 0.00557052236474469
4.64 0.004104043176902891
4.65 0.0025462122070173277
4.66 0.0009423775755823388
4.67 -0.0006610742609611547
4.68 -0.002218050234623999
4.69 -0.0036840806613864198
4.7 -0.005017608733107232
4.71 -0.006181201295443075
4.72 -0.007142644414772729
4.73 -0.00787589007916694
4.74 -0.008361824293663103
4.75 -0.008588831728301943
4.76 -0.008553137835116567
4.77 -0.008258915813481916
4.78 -0.0077181527909324305
4.79 -0.006950276895524928
4.8 -0.0059815543062337875
4.81 -0.00484427264968656
4.82 -0.0035757340315310596
4.83 -0.00221708731981989
4.84 -0.0008120348187025708
4.85 0.0005945470145803958
4.86 0.0019580298194868833
4.87 0.003235453538176785
4.88 0.0043868989624402
4.89 0.005376767873536286
4.9 0.0061749283752778154
4.91 0.006757686810136194
4.92 0.007108552789279121
4.93 0.007218770222681809
4.94 0.0070875946219659865
4.95 0.006722305143003999
4.96 0.006137948579839507
4.97 0.0053568215317180545
4.98 0.004407705938871899
4.99 0.0033248818102484447
5.0 0.002146948940488205
5.01 0.0009154964407564467
5.02 -0.00032633528030806265
5.03 -0.0015353510870197075
5.04 -0.0026698045163228473
5.05 -0.003690855335863792
5.06 -0.004563929492342074
5.07 -0.0052599324483118765
5.08 -0.005756271480339637
5.09 -0.006037648772081666
5.1 -0.00609659489466593
5.11 -0.00593372127550554
5.12 -0.005557680213776279
5.13 -0.0049848315608665575
5.14 -0.004238625969411671
5.15 -0.0033487252281264685
5.16 -0.0023498902398477383
5.17 -0.001280676275641108
5.18 -0.00018198288285865044
5.19 0.0009044880854257733
5.2 0.00193780868869376
5.21 0.002879375700432166
5.22 0.003694376551277575
5.23 0.0043531134945742605
5.24 0.004832133849963146
5.25 0.005115121071911515
5.26 0.0051935101740521366
5.27 0.00506680141183188
5.28 0.004742557708594303
5.29 0.004236083668390692
5.3 0.0035697966740451652
5.31 0.002772313017889628
5.32 0.0018772837465859601
5.33 0.0009220254276207844
5.34 -5.400009312980934e-05
5.35 -0.0010107960759109648
5.36 -0.0019094661387814458
5.37 -0.002713807317104741
5.38 -0.003391794841077584
5.39 -0.003916896283466712
5.4 -0.004269159145587627
5.41 -0.004436024824934835
5.42 -0.004412832917945996
5.43 -0.00420299253148634
5.44 -0.003817811197577357
5.45 -0.003275986533445475
5.46 -0.0026027803469721193
5.47 -0.0018289088237145778
5.48 -0.0009891951245969155
5.49 -0.00012104159086505528
5.5 0.0007372127213254602
5.51 0.0015479776955123106
5.52 0.00227606683813602
5.53 0.002890247411921884
5.54 0.0033646163244854615
5.55 0.0036797391533890064
5.56 0.0038234997012467076
5.57 0.0037916200261035324
5.58 0.003587825459958878
5.59 0.003223645082969057
5.6 0.002717854753907834
5.61 0.0020955863514048097
5.62 0.0013871425830920805
5.63 0.0006265708200578935
5.64 -0.00014993878169526547
5.65 -0.0009057567043998203
5.66 -0.0016055393370573824
5.67 -0.002216894563579002
5.68 -0.002711908180939846
5.69 -0.0030684575327247624
5.7 -0.003271248246762605
5.71 -0.0033125227053551792
5.72 -0.0031924042936808702
5.73 -0.002918858862573885
5.74 -0.0025072733885811776
5.75 -0.001979670623223324
5.76 -0.0013635966671569244
5.77 -0.0006907349676159109
5.78 4.685638560684724e-06
5.79 0.0006876102833420914
5.8 0.0013239191471981885
5.81 0.0018821416870088675
5.82 0.002335037004981276
5.83 0.0026609593768779213
5.84 0.002844938214288222
5.85 0.0028794157702544568
5.86 0.0027646030510682464
5.87 0.002508433832733214
5.88 0.0021261174234125635
5.89 0.0016393117976007735
5.9 0.0010749588518130604
5.91 0.0004638417146130722
5.92 -0.00016106071520212819
5.93 -0.0007663353949209249
5.94 -0.0013199193750231143
5.95 -0.001792811086256769
5.96 -0.0021606162421328066
5.97 -0.0024048441005582416
5.98 -0.0025138826991471944
5.99 -0.0024835986170782297
6.0 -0.0023175269593498017
